0 0 569 558 386 
1 166 558 379 406 
2 162 534 385 436 
3 155 528 399 445 
4 143 527 404 440 
5 131 526 419 436 
6 8 509 549 446 
7 10 508 533 446 
8 22 503 512 450 
9 24 493 511 461 
10 19 482 518 470 
11 18 457 517 495 
12 15 446 526 507 
13 10 438 537 517 
14 13 439 531 516 
15 9 444 538 510 
16 0 435 567 529 
17 2 451 553 507 
18 5 454 544 508 
19 8 445 542 516 
20 7 439 542 521 
21 6 441 541 521 
22 10 441 535 519 
23 10 438 536 524 
24 11 440 532 520 
25 10 442 533 517 
26 11 442 534 518 
27 15 460 528 501 
28 18 460 516 500 
29 15 458 517 503 
30 17 458 518 502 
31 13 466 522 491 
32 17 459 509 499 
33 17 461 505 495 
34 2 458 535 495 
35 7 458 526 491 
36 9 463 532 488 
37 8 467 542 484 
38 162 465 369 502 
39 5 302 177 517 14 472 533 482 
40 392 500 147 450 4 317 189 510 
41 403 511 134 469 4 326 203 590 
42 10 328 202 605 
43 424 525 116 445 6 339 234 606 
44 423 551 116 406 0 355 247 579 
45 1 362 256 570 
46 0 371 281 550 
47 0 380 292 530 
48 0 382 299 541 
49 0 383 303 540 
50 0 382 310 540 
51 0 373 305 601 
52 7 370 325 611 
53 9 379 319 595 
54 9 377 321 598 
55 8 343 327 613 
56 7 349 330 602 
57 0 378 349 593 
58 3 352 341 601 
59 6 317 332 655 
60 7 300 325 681 
61 0 341 307 565 
62 0 356 258 568 
63 8 360 191 533 
64 317 537 219 432 
65 
66 4 498 543 460 
67 7 515 538 458 
68 17 516 516 459 
69 21 519 514 451 
70 20 521 503 447 
71 23 534 493 431 
72 15 537 509 422 
73 24 536 488 424 
74 28 534 479 428 
75 29 532 477 432 
76 31 532 472 428 
77 23 532 487 427 
78 19 535 493 425 
79 18 541 494 414 
80 22 535 480 423 
81 12 530 492 431 
82 9 531 503 432 
83 322 271 216 576 0 538 420 421 
84 288 258 244 591 0 546 540 411 
85 271 255 260 621 0 550 549 409 
86 216 252 310 633 0 553 389 406 
87 195 250 346 643 12 568 360 391 
88 182 254 361 638 15 567 359 389 
89 171 262 368 626 12 565 240 394 
90 2 572 152 381 165 251 369 647 
91 141 259 390 622 21 555 237 393 
92 131 250 394 646 
93 129 246 396 652 
94 125 246 404 660 
95 13 571 234 377 124 242 401 662 
96 143 243 385 722 
97 9 242 513 737 
98 159 267 364 693 
99 177 271 352 690 
100 198 266 330 711 
101 271 277 265 707 
102 
103 
104 3 538 132 423 
105 
106 8 556 241 409 
107 0 554 409 418 
108 0 581 406 389 
109 0 592 540 378 
110 5 585 506 387 
111 2 596 391 371 
112 0 593 386 376 
113 0 603 388 368 
114 0 608 379 364 
115 0 613 382 363 
116 0 620 413 357 
117 0 580 537 402 
118 0 592 370 375 
119 0 601 375 365 
120 2 645 358 318 
