0 
1 
2 
3 
4 
5 
6 
7 
8 
9 
10 
11 
12 
13 
14 
15 
16 
17 
18 
19 
20 
21 
22 
23 
24 
25 
26 
27 
28 
29 
30 
31 
32 
33 
34 
35 
36 
37 
38 
39 
40 
41 
42 
43 
44 
45 
46 
47 
48 
49 
50 
51 
52 
53 
54 
55 
56 
57 
58 
59 
60 
61 
62 
63 
64 
65 
66 
67 
68 
69 
70 
71 
72 
73 
74 
75 
76 
77 
78 
79 
80 
81 
82 
83 
84 
85 
86 
87 
88 
89 
90 
91 
92 
93 
94 
95 
96 
97 
98 
99 
100 
101 
102 
103 
104 
105 
106 
107 
108 
109 
110 
111 
112 
113 
114 
115 
116 
117 
118 
119 
120 
121 
122 
123 
124 
125 
126 
127 
128 
129 
130 
131 
132 
133 
134 
135 
136 
137 
138 
139 
140 
141 
142 
143 
144 
145 
146 
147 
148 
149 
150 
151 
152 
153 
154 
155 
156 
157 
158 
159 
160 
161 
162 
163 
164 
165 
166 
167 
168 
169 
170 
171 
172 
173 
174 
175 
176 
177 
178 
179 
180 
181 
182 
183 
184 
185 
186 
187 
188 
189 
190 
191 
192 
193 
194 
195 
196 
197 
198 
199 
200 
201 
202 
203 
204 
205 
206 
207 
208 
209 
210 
211 
212 
213 
214 
215 
216 
217 
218 
219 
220 
221 
222 
223 
224 
225 
226 
227 
228 
229 
230 
231 
232 
233 
234 
235 
236 
237 
238 
239 
240 
241 
242 
243 
244 
245 
246 
247 
248 
249 
250 
251 
252 
253 
254 
255 
256 
257 
258 
259 
260 
261 
262 
263 
264 
265 
266 
267 
268 
269 
270 
271 
272 
273 
274 
275 
276 
277 
278 
279 
280 
281 
282 
283 
284 
285 
286 
287 
288 
289 
290 
291 
292 
293 
294 
295 
296 
297 
298 
299 
300 
301 
302 
303 
304 
305 
306 
307 
308 
309 
310 
311 
312 
313 
314 
315 
316 
317 
318 
319 
320 
321 
322 
323 
324 
325 
326 
327 
328 
329 
330 
331 
332 
333 
334 
335 
336 
337 
338 
339 
340 
341 
342 
343 
344 
345 
346 
347 
348 
349 
350 
351 
352 
353 
354 
355 
356 
357 
358 
359 
360 
361 
362 
363 
364 243 42 374 422 
365 368 38 241 425 
366 371 30 235 437 
367 367 35 247 438 
368 261 33 345 449 
369 330 43 321 435 
370 223 34 423 440 
371 383 40 326 436 233 27 397 457 
372 210 38 437 431 
373 236 35 378 431 
374 299 38 254 427 
375 189 40 454 429 
376 244 39 343 426 
377 255 31 326 436 
378 224 32 397 437 
379 148 30 434 441 
380 137 35 450 436 
381 144 32 419 438 
382 116 34 477 441 
383 123 36 461 428 
384 108 34 489 437 
385 108 33 493 436 
386 108 33 504 437 
387 110 39 506 431 
388 99 37 552 431 
389 132 39 545 423 
390 132 37 548 425 
391 139 33 536 432 
392 142 34 534 432 
393 142 32 533 436 
394 144 33 530 436 
395 143 33 533 437 
396 137 33 540 437 
397 134 32 545 436 
398 137 29 537 441 
399 138 31 538 438 
400 112 28 532 439 
401 112 27 527 438 
402 102 26 549 440 
403 94 25 570 437 
404 91 23 571 435 
405 99 22 545 438 
406 103 26 538 433 
407 107 22 503 443 
408 105 23 503 441 
409 107 27 498 432 
410 109 22 494 445 
411 103 18 494 455 
412 106 19 491 452 
413 102 18 526 454 
414 91 20 629 454 
415 96 26 629 438 
416 90 23 655 445 
417 89 23 651 443 
418 91 23 647 442 
419 90 22 651 444 
420 90 22 653 443 
421 94 22 646 445 
422 99 24 657 438 
423 105 23 647 442 
424 106 21 641 447 
425 107 22 636 450 
426 115 24 623 444 
427 117 24 618 448 
428 147 18 554 447 
429 167 12 494 462 
430 177 16 482 456 
431 162 10 640 467 
432 167 11 636 465 
433 182 11 618 464 
434 187 16 625 456 
435 194 10 619 468 
436 226 16 615 458 
437 256 14 562 456 
438 272 14 537 454 
439 279 9 518 461 
440 292 12 498 460 
441 304 15 490 454 
442 307 15 495 451 
443 325 19 486 445 
444 320 16 512 449 
445 327 19 484 451 
446 321 13 505 459 
447 319 16 505 451 
448 322 18 498 450 
449 321 13 490 460 
450 318 16 492 454 
451 316 15 499 452 
452 314 15 489 453 
453 310 14 462 459 
454 309 20 462 449 
455 313 15 447 453 
456 287 14 453 450 
457 282 11 457 455 
458 289 8 441 462 
459 293 8 434 461 
460 293 6 430 464 
461 293 2 421 469 
462 291 1 413 471 
463 289 4 409 473 
464 287 0 406 475 
465 288 0 398 476 
466 276 0 406 476 
467 273 0 405 479 
468 269 2 406 477 
469 264 13 408 464 
470 239 15 425 460 
471 241 14 418 465 
472 236 22 417 451 
473 239 21 413 450 
474 238 22 409 450 
475 238 18 404 449 
476 234 15 402 455 
477 231 14 402 457 
478 231 14 395 458 
479 228 11 399 464 
480 226 11 402 466 
481 222 8 405 474 
482 220 9 404 473 
483 215 10 412 470 
484 212 12 412 467 
485 208 10 415 468 
486 204 9 422 471 
487 202 6 421 476 
488 206 4 418 475 
489 203 7 425 470 
490 198 6 433 470 
491 197 6 434 469 
492 201 7 436 472 
493 203 12 437 462 
494 203 6 432 475 
495 204 5 436 477 
496 208 9 430 470 
497 220 11 428 465 
498 223 13 416 463 
499 224 15 421 459 
500 224 13 416 461 
501 217 11 432 461 
502 215 9 428 465 
503 217 9 426 466 
504 220 11 410 467 
505 213 7 418 475 
506 211 5 408 473 
507 210 6 399 472 
508 205 6 406 475 
509 205 6 407 472 
510 198 5 418 472 
511 193 2 425 478 
512 187 9 379 466 
513 179 11 392 459 
514 
515 
516 
517 
518 
519 
520 
521 
522 
523 
524 
525 
526 
527 
528 
529 
530 
531 
532 
533 
534 
535 
536 
537 
538 
539 
540 
541 
542 
543 
544 
545 
546 
547 
548 
549 
550 
551 
552 
553 
554 
555 
556 
557 
558 
559 
560 
561 
562 
563 
564 
565 
566 
567 
568 
569 
570 
571 
572 
573 
574 
575 
576 
577 
578 
579 
580 
581 
582 
583 
584 
585 
586 
587 
588 
589 
590 
591 
592 
593 
594 
595 
596 
597 
598 
599 
600 
601 
602 
603 
604 
605 
606 
607 
608 
609 
610 
611 
612 
613 
614 
615 
616 
617 
618 
619 
620 
621 
622 
623 
624 
625 
626 
627 
628 
629 
630 
631 
632 
633 
634 
635 
636 
637 
638 
639 
640 
641 
642 
643 
644 
645 
646 
647 
648 
649 
650 
651 
652 
653 
654 
655 
656 
657 
658 
659 
660 
661 
662 
663 
664 
665 
666 
667 
668 
669 
670 
671 
672 
673 
674 
675 
676 
677 
678 
679 
680 
681 
682 
683 
684 
685 
686 
687 
688 
689 
690 
691 
692 
693 
694 
695 
696 
697 
698 
699 
700 
701 
702 
703 
704 
705 
706 
707 
708 
709 
710 
711 
712 
713 
714 
715 
716 
717 
718 
719 
720 
721 
722 
723 
724 
725 
726 
727 
728 
729 
730 
731 
732 
733 
734 
735 
736 
737 
738 
739 
740 
741 
742 
743 
744 
745 
746 
747 
748 
749 
750 
751 
752 
753 
754 
755 
756 
757 
758 
759 
760 
761 
762 
763 
764 
765 
766 
767 
768 
769 
770 
771 
772 
773 
774 
775 
776 
777 
778 
779 
780 
781 
782 
783 
784 
785 
786 
787 
788 
789 
790 
791 
792 
793 
794 
795 
796 
797 
798 
799 
800 
801 
802 
803 
804 
805 
806 
807 
808 
809 
810 
811 
812 
813 
814 
815 
816 
817 
818 
819 
820 
821 
822 
823 
824 
825 
826 
827 
828 
829 
830 
831 
832 
833 
834 
835 
836 
837 
838 
839 
840 
841 
842 
843 
844 
845 
846 
847 
848 
849 
850 
851 
852 
853 
854 
855 
856 
857 
858 
859 
860 
861 
862 
863 
864 
865 
866 
867 
868 
869 
870 
871 
872 
873 
874 
875 
876 
877 
878 
879 
880 
881 
882 
883 
884 
885 
886 
887 
888 
889 
890 
891 
892 
893 
894 
895 
896 
897 
898 
899 
900 
901 
902 
903 
904 
905 
906 
907 
908 
909 
910 
911 
912 
913 
914 
915 
916 
917 
918 
919 
920 
921 
922 
923 
924 
925 
926 
927 
928 
929 
930 
931 
932 
933 
934 
935 
936 
937 
938 
939 
940 
941 
942 
943 
944 
945 
946 
947 
948 
949 
950 
951 
952 
953 
954 
955 
956 
957 
958 
959 
960 
961 
962 
963 
964 
965 
966 
967 
968 
969 
970 
971 
972 
973 
974 
975 
976 
977 
978 
979 
980 
981 
982 
983 
984 
985 
986 
987 
988 
989 
990 
991 
992 
993 
994 
995 
996 
997 
998 
999 
1000 
1001 
1002 
1003 
1004 
1005 
1006 
1007 
1008 
1009 
1010 
1011 
1012 284 23 447 445 
1013 287 23 448 447 
1014 283 20 456 445 
1015 283 21 462 446 
1016 287 20 457 444 
1017 284 19 465 444 
1018 280 23 510 438 
1019 279 22 513 442 
1020 282 13 459 459 
1021 282 15 457 453 
1022 277 14 464 452 
1023 270 18 470 451 
1024 268 16 475 452 
1025 261 14 485 454 
1026 254 14 484 455 
1027 252 15 480 450 
1028 256 15 467 449 
1029 253 15 458 451 
1030 248 17 446 450 
1031 226 15 445 450 
1032 225 18 446 450 
1033 219 18 461 445 
1034 217 22 462 440 
1035 209 28 457 435 
1036 205 28 446 439 
1037 195 27 456 441 
1038 195 30 442 436 
1039 182 33 447 428 
1040 156 38 438 423 
1041 144 41 457 421 
1042 135 40 461 422 
1043 128 38 487 419 
1044 119 32 474 430 
1045 120 32 480 429 
1046 113 31 488 429 
1047 108 27 483 437 
1048 110 28 466 440 
1049 110 25 462 442 
1050 100 22 437 448 
1051 93 19 450 450 
1052 86 20 461 448 
1053 83 20 459 445 
1054 80 17 465 454 
1055 76 23 473 448 
1056 77 28 463 440 
1057 76 27 468 440 
1058 77 24 461 444 
1059 75 29 459 442 
1060 77 24 450 451 
1061 83 23 447 456 
1062 77 25 480 445 
1063 90 21 516 451 
1064 89 20 532 452 
1065 93 18 551 454 
1066 92 15 540 458 
1067 99 7 523 466 
1068 109 3 504 472 
1069 92 5 635 469 
1070 127 1 446 482 
1071 133 0 434 484 
1072 94 9 659 460 
1073 100 11 658 465 
1074 104 9 641 464 
1075 119 7 614 473 
1076 121 10 606 465 
1077 112 7 619 463 
1078 112 5 626 465 
1079 98 10 660 457 
1080 98 9 670 452 
1081 97 9 675 450 
1082 99 9 667 449 
1083 106 9 653 453 
1084 116 7 629 459 
1085 165 7 519 451 
1086 164 6 507 452 
1087 166 2 491 465 
1088 122 3 614 474 
1089 120 6 607 462 
1090 115 9 626 454 
1091 147 5 528 464 
1092 144 9 538 450 
1093 128 8 555 453 
1094 131 9 496 461 
1095 125 2 480 468 
1096 116 0 483 475 
1097 97 1 491 472 
1098 90 0 512 471 
1099 87 0 451 474 
1100 81 0 438 478 
1101 72 0 454 477 
1102 72 7 463 462 
1103 72 6 453 462 
1104 64 6 452 461 
1105 56 2 450 463 
1106 54 6 441 461 
1107 60 6 426 460 
1108 62 6 420 463 
1109 35 17 434 445 
1110 37 19 432 443 
1111 38 22 431 440 
1112 42 24 418 438 
1113 63 32 424 428 
1114 58 33 436 426 
1115 64 35 429 428 
1116 64 34 434 427 
1117 63 34 443 427 
1118 75 32 436 429 
1119 78 28 444 429 
1120 84 29 436 429 
1121 78 25 465 441 
1122 127 14 446 452 
1123 132 16 444 450 
1124 117 18 481 442 
1125 115 22 487 435 
1126 109 25 500 430 
1127 127 25 483 431 
1128 131 30 488 417 
1129 102 19 652 449 
1130 104 20 643 447 
1131 180 36 504 414 
1132 186 39 494 416 
1133 105 29 648 443 
1134 116 24 641 451 
1135 127 25 631 448 
1136 92 23 688 450 
1137 162 15 630 462 
1138 174 12 602 467 
1139 183 12 593 469 
1140 188 13 587 466 
1141 190 14 586 467 
1142 178 15 602 463 
1143 173 15 606 463 
1144 155 14 633 462 
1145 111 8 670 469 
1146 113 7 664 471 
1147 119 7 654 471 
1148 123 5 636 470 
1149 127 8 619 468 
1150 119 2 621 478 
1151 108 2 629 475 
1152 95 5 643 469 
1153 83 6 646 468 
1154 48 9 673 462 
1155 44 5 678 470 
1156 42 7 670 468 
1157 38 8 663 466 
1158 45 13 652 457 
1159 45 14 638 457 
1160 41 11 635 459 
1161 37 11 629 461 
1162 34 11 619 460 
1163 28 5 628 470 
1164 24 3 632 472 
1165 29 4 616 470 
1166 33 7 607 467 
1167 10 7 616 464 
1168 16 11 602 458 
1169 71 13 536 453 
1170 37 8 611 470 
1171 42 10 612 466 
1172 54 13 612 461 
1173 57 13 620 459 
1174 55 14 635 459 
1175 51 10 657 462 
1176 78 14 672 457 
1177 106 13 528 456 
1178 105 14 546 454 
1179 113 12 519 460 
1180 114 13 518 457 
1181 111 12 508 459 
1182 91 12 658 466 
1183 88 19 654 457 
1184 97 22 651 445 
1185 93 25 649 437 
1186 92 19 637 451 
1187 93 16 639 458 
1188 96 18 621 450 
1189 101 21 615 445 
1190 101 19 631 451 
1191 94 19 652 454 
1192 98 21 653 451 
1193 101 20 659 449 
1194 99 24 687 440 
1195 111 24 671 444 
1196 107 24 678 442 
1197 112 23 668 445 
1198 105 20 675 453 
1199 139 30 679 441 
1200 152 30 662 442 
1201 152 32 657 439 
1202 
1203 
1204 
1205 
1206 
1207 
1208 
1209 
1210 
1211 
1212 
1213 
1214 
1215 
1216 
1217 
1218 
1219 
1220 
1221 
1222 
1223 
1224 
1225 
1226 
1227 
1228 
1229 
1230 
1231 
1232 
1233 
1234 
1235 
1236 
1237 
1238 
1239 
1240 
1241 
1242 
1243 
1244 
1245 
1246 
1247 
1248 
1249 
1250 
1251 
1252 
1253 
1254 
1255 
1256 
1257 
1258 
1259 
1260 
1261 
1262 
1263 
1264 
1265 
1266 
1267 
1268 
1269 
1270 
1271 
1272 
1273 
1274 
1275 
1276 
1277 
1278 
1279 
1280 
1281 
1282 
1283 
1284 
1285 
1286 
1287 
1288 
1289 
1290 
1291 
1292 
1293 
1294 
1295 
1296 
1297 
1298 
1299 
1300 
1301 
1302 
1303 
1304 
1305 
1306 
1307 
1308 
1309 
1310 
1311 
1312 
1313 
1314 
1315 
1316 
1317 
1318 
1319 
1320 
1321 
1322 
1323 
1324 
1325 
1326 
1327 
1328 
1329 
1330 
1331 
1332 
1333 
1334 
1335 
1336 
1337 
1338 
1339 
1340 
1341 
1342 
1343 
1344 
1345 
1346 
1347 
1348 
1349 
1350 
1351 
1352 
1353 
1354 
1355 
1356 
1357 
1358 
1359 
1360 
1361 
1362 
1363 
1364 
1365 
1366 
1367 
1368 
1369 
1370 
1371 
1372 
1373 
1374 
1375 
1376 
1377 
1378 
1379 
1380 
1381 
1382 
1383 
1384 
1385 
1386 
1387 
1388 
1389 
1390 
1391 
1392 
1393 
1394 
1395 
1396 
1397 
1398 
1399 
1400 
1401 
1402 
1403 
1404 
1405 
1406 
1407 
1408 
1409 
1410 
1411 
1412 
1413 
1414 
1415 
1416 
1417 
1418 
1419 
1420 
1421 
1422 
1423 
1424 
1425 
1426 
1427 
1428 
1429 
1430 
1431 
1432 
1433 
1434 
1435 
1436 
1437 
1438 
1439 
1440 
1441 
1442 
1443 
1444 
1445 
1446 
1447 
1448 
1449 
1450 
1451 
1452 
1453 
1454 
1455 
1456 
1457 
1458 
1459 
1460 
1461 
1462 
1463 
1464 
1465 
1466 
1467 
1468 
1469 
1470 
1471 
1472 
1473 
1474 
1475 
1476 
1477 
1478 
1479 
1480 
1481 
1482 
1483 
1484 
1485 
1486 
1487 
1488 
1489 
1490 
1491 
1492 
1493 
1494 
1495 
1496 
1497 
1498 
1499 
1500 
1501 
1502 
1503 
1504 
1505 
1506 
1507 
1508 
1509 
1510 
1511 
1512 
1513 
1514 
1515 
1516 
1517 
1518 
1519 
1520 
1521 
1522 
1523 
1524 
1525 
1526 
1527 
1528 
1529 
1530 
1531 
1532 
1533 
1534 
1535 
1536 
1537 
1538 
1539 
1540 
1541 
1542 
1543 
1544 
1545 
1546 
1547 
1548 
1549 
1550 
1551 
1552 
1553 
1554 
1555 
1556 
1557 
1558 
1559 
1560 286 13 443 447 
1561 290 14 433 440 
1562 272 13 471 448 
1563 282 11 447 455 
1564 274 18 455 445 
1565 287 18 434 447 
1566 290 18 424 443 
1567 291 17 421 445 
1568 295 18 417 445 
1569 304 19 401 445 
1570 300 18 409 447 
1571 289 12 433 460 
1572 293 24 429 444 
1573 286 26 437 442 
1574 280 34 456 427 
1575 276 37 462 426 
1576 278 41 455 422 
1577 275 40 459 422 
1578 283 38 450 427 
1579 294 30 434 439 
1580 291 32 444 438 
1581 293 31 435 438 
1582 292 35 437 430 
1583 281 39 457 427 
1584 277 51 452 407 
1585 276 51 463 414 
1586 280 55 448 408 
1587 274 53 461 418 
1588 266 59 482 407 
1589 264 60 487 405 
1590 263 64 481 400 
1591 260 64 486 403 
1592 255 64 491 404 
1593 259 58 484 412 
1594 258 54 486 419 
1595 267 44 469 431 
1596 266 36 467 436 
1597 263 33 471 439 
1598 264 32 467 440 
1599 262 31 471 441 
1600 255 27 481 447 
1601 246 26 488 448 
1602 236 23 508 455 
1603 230 20 510 459 
1604 223 18 518 463 
1605 211 21 527 456 
1606 209 20 524 459 
1607 200 23 488 452 
1608 188 21 510 450 
1609 185 23 504 445 
1610 167 19 522 447 
1611 162 22 540 446 
1612 134 24 566 439 
1613 127 25 572 437 
1614 118 26 575 436 
1615 99 25 562 445 
1616 101 28 546 440 
1617 92 28 544 437 
1618 83 27 537 438 
1619 90 31 513 438 
1620 84 30 522 444 
1621 82 22 516 454 
1622 89 24 498 451 
1623 65 26 493 445 
1624 70 26 481 440 
1625 68 26 498 441 
1626 73 20 490 449 
1627 89 27 506 438 
1628 84 21 521 445 
1629 97 18 495 452 
1630 99 21 508 442 
1631 115 18 488 446 
1632 126 19 479 445 
1633 130 12 472 456 
1634 135 8 470 462 
1635 138 13 467 457 
1636 148 17 459 452 
1637 150 20 456 448 
1638 151 18 462 449 
1639 151 18 452 449 
1640 209 28 427 440 
1641 223 31 424 433 
1642 238 33 413 432 
1643 275 26 393 439 
1644 268 22 406 447 
1645 280 13 398 454 
1646 291 10 390 458 
1647 293 3 399 470 
1648 293 0 405 474 
1649 303 1 393 469 
1650 300 0 395 471 
1651 303 0 398 470 
1652 300 0 400 470 
1653 300 2 402 466 
1654 297 2 404 469 
1655 293 1 407 468 
1656 293 5 403 465 
1657 292 0 412 472 
1658 267 10 451 453 
1659 262 7 457 460 
1660 238 8 485 459 
1661 237 6 481 458 
1662 214 5 515 457 
1663 202 9 491 450 
1664 201 9 492 453 
1665 188 11 511 450 
1666 184 11 518 451 
1667 183 17 516 443 
1668 191 10 491 456 
1669 123 8 613 466 
1670 179 15 517 449 
1671 176 14 520 449 
1672 187 15 500 446 
1673 199 14 492 449 
1674 200 13 490 449 
1675 204 17 481 444 
1676 208 16 476 443 
1677 204 15 484 445 
1678 208 12 472 454 
1679 205 13 475 451 
1680 204 11 474 453 
1681 206 15 467 451 
1682 198 14 477 449 
1683 186 12 487 450 
1684 180 12 498 449 
1685 151 16 537 444 
1686 153 13 526 452 
1687 148 15 526 452 
1688 155 17 518 449 
1689 155 19 509 445 
1690 152 20 510 445 
1691 146 22 522 444 
1692 146 22 520 440 
1693 144 22 520 441 
1694 145 22 525 444 
1695 143 24 526 443 
1696 149 24 518 442 
1697 148 27 528 440 
1698 160 27 516 433 
1699 174 25 504 433 
1700 173 32 511 429 
1701 168 31 527 430 
1702 175 32 521 427 
1703 171 34 522 427 
1704 182 31 507 427 
1705 169 32 515 430 
1706 167 31 518 439 
1707 171 36 513 430 
1708 174 45 501 420 
1709 178 53 497 410 
1710 185 55 494 405 
1711 180 58 494 404 
1712 180 61 504 401 
1713 177 61 516 400 
1714 182 64 519 398 
1715 177 61 534 403 
1716 174 60 542 405 
1717 200 57 543 417 
1718 219 59 518 414 
1719 216 58 522 415 
1720 235 57 501 413 
1721 241 56 498 415 
1722 251 56 498 413 
1723 258 55 500 416 
1724 257 54 506 415 
1725 260 53 506 416 
1726 257 52 513 417 
1727 279 44 511 431 
1728 246 46 536 424 
1729 244 41 540 422 
1730 239 40 550 420 
1731 240 40 537 418 
1732 245 41 527 421 
1733 241 44 533 418 
1734 232 43 545 424 
1735 228 47 554 424 
1736 225 48 535 422 
1737 228 48 526 427 
1738 230 51 517 422 
1739 238 52 495 422 
1740 236 52 492 420 
1741 225 48 502 427 
1742 222 46 507 430 
1743 177 46 539 423 
1744 171 43 539 425 
1745 164 42 545 423 
1746 147 37 559 429 
1747 133 33 561 430 
1748 124 31 559 438 
1749 101 39 560 427 
1750 87 36 574 431 
1751 88 36 570 432 
1752 57 28 627 448 
1753 70 35 582 432 
1754 71 30 559 439 
1755 74 29 544 436 
1756 62 29 553 442 
1757 32 35 567 431 
1758 35 34 559 432 
1759 31 30 563 440 
1760 29 26 562 443 
1761 19 29 573 441 
1762 9 15 586 464 
1763 5 15 591 462 
1764 1 12 597 465 
1765 0 8 598 466 
1766 0 7 599 468 
1767 14 3 579 474 
1768 33 4 542 465 
1769 29 2 547 464 
1770 37 8 539 454 
1771 29 5 544 459 
1772 18 8 554 455 
1773 23 8 555 452 
1774 18 11 555 448 
1775 0 6 593 459 
1776 0 4 591 462 
1777 0 3 593 463 
1778 6 4 593 464 
1779 21 3 581 464 
1780 21 6 584 460 
1781 25 6 580 465 
1782 22 8 587 463 
1783 26 8 583 465 
1784 20 7 599 462 
1785 34 4 617 471 
1786 39 6 631 468 
1787 51 9 621 463 
1788 53 15 622 451 
1789 52 19 634 448 
1790 42 22 649 447 
1791 153 27 530 440 
1792 161 24 538 437 
1793 212 21 525 451 
1794 113 18 636 456 
1795 204 21 540 449 
1796 228 21 521 447 
1797 221 25 533 448 
1798 254 29 509 438 
1799 246 29 531 439 
1800 278 23 524 452 
1801 273 27 542 447 
1802 287 33 530 434 
1803 303 36 514 434 
1804 318 38 499 435 
1805 336 37 480 438 
1806 339 37 483 439 
1807 339 38 487 437 
1808 342 38 478 435 
1809 346 33 471 441 
1810 348 33 466 441 
1811 346 32 473 441 
1812 344 36 477 436 
1813 343 37 481 435 
1814 341 33 482 442 
1815 343 35 471 444 
1816 345 34 466 433 
1817 336 34 478 430 
1818 335 31 476 433 
1819 338 29 468 435 
1820 338 25 465 436 
1821 340 26 455 435 
1822 343 32 441 423 
1823 337 30 436 428 
1824 349 30 435 431 
1825 308 30 470 446 
1826 278 32 525 436 
1827 236 33 557 434 
1828 214 17 600 463 
1829 237 35 549 430 
1830 243 34 540 431 
1831 251 32 565 438 
1832 283 32 523 437 
1833 302 30 487 436 
1834 319 32 452 434 
1835 319 29 449 440 
1836 319 28 453 439 
1837 332 27 437 439 
1838 321 29 451 444 
1839 300 32 476 446 
1840 293 31 434 436 
1841 275 41 472 416 
1842 254 42 523 419 
1843 250 40 529 425 
1844 248 44 530 422 
1845 252 48 525 415 
1846 259 51 508 412 
1847 257 49 508 417 
1848 255 50 518 416 
1849 254 49 510 420 
1850 252 49 517 416 
1851 242 48 541 420 
1852 240 53 548 413 
1853 244 60 540 403 
1854 250 60 525 401 
1855 249 61 520 403 
1856 252 65 506 396 
1857 242 66 512 396 
1858 245 63 514 403 
1859 250 66 510 398 
1860 245 63 513 403 
1861 236 58 513 410 
1862 230 54 504 416 
1863 230 53 496 416 
1864 241 49 469 420 
1865 193 48 497 418 
1866 205 43 482 424 
1867 211 43 473 426 
1868 211 35 465 433 
1869 211 31 454 433 
1870 205 35 456 435 
1871 197 31 459 440 
1872 185 28 464 445 
1873 160 33 497 440 
1874 154 33 504 439 
1875 153 36 506 438 
1876 132 39 498 424 
1877 129 37 484 423 
1878 121 32 478 431 
1879 131 35 461 425 
1880 132 34 457 423 
1881 132 32 447 430 
1882 124 36 443 426 
1883 120 38 440 428 
1884 120 40 433 425 
1885 117 44 435 421 
1886 128 43 420 418 
1887 124 37 444 434 
1888 119 38 470 427 
1889 113 37 482 423 
1890 115 35 484 426 
1891 119 35 477 427 
1892 119 37 473 424 
1893 122 35 468 425 
1894 124 34 466 428 
1895 125 33 468 432 
1896 128 32 467 437 
1897 133 32 465 434 
1898 123 30 472 436 
1899 120 30 470 435 
1900 118 25 467 445 
1901 122 23 457 447 
1902 123 25 447 449 
1903 126 30 437 439 
1904 127 30 433 439 
1905 125 27 446 446 
1906 128 26 474 443 
1907 128 30 487 432 
1908 149 33 509 431 
1909 130 30 489 434 
1910 135 33 477 429 
1911 134 31 469 434 
1912 131 29 480 435 
1913 129 26 492 439 
1914 156 31 491 435 
1915 144 34 523 428 
1916 144 32 530 430 
1917 144 33 530 429 
1918 145 30 518 441 
1919 143 29 464 437 
1920 142 27 470 441 
1921 146 27 457 442 
1922 141 28 466 439 
1923 146 28 466 443 
1924 174 21 474 456 
1925 171 22 480 451 
1926 180 21 483 452 
1927 189 23 499 447 
1928 192 22 506 450 
1929 225 16 490 459 
1930 233 13 485 463 
1931 241 17 492 457 
1932 246 20 494 452 
1933 268 26 475 442 
1934 280 30 456 436 
1935 286 26 447 443 
1936 290 25 448 443 
1937 295 32 439 433 
1938 321 32 452 440 
1939 334 35 427 435 
1940 333 36 431 434 
1941 336 35 430 436 
1942 339 36 423 435 
1943 
1944 
1945 
1946 
1947 
1948 
1949 
1950 
1951 
1952 
1953 
1954 
1955 
1956 
1957 
1958 
1959 
1960 
1961 
1962 
1963 
1964 
1965 
1966 
1967 
1968 
1969 
1970 
1971 
1972 
1973 
1974 
1975 
1976 
1977 
1978 
1979 
1980 
1981 
1982 
1983 
1984 
1985 
1986 
1987 
1988 
1989 
1990 
1991 
1992 
1993 
1994 
1995 
1996 
1997 
1998 
1999 
2000 
2001 
2002 
2003 
2004 
2005 
2006 
2007 
2008 
2009 
2010 
2011 
2012 
2013 
2014 
2015 
2016 
2017 
2018 
2019 
2020 
2021 
2022 
2023 
2024 
2025 
2026 
2027 
2028 
2029 
2030 
2031 
2032 
2033 
2034 
2035 
2036 
2037 
2038 
2039 
2040 
2041 
2042 
2043 
2044 
2045 
2046 
2047 
2048 
2049 
2050 
2051 
2052 
2053 
2054 
2055 
2056 
2057 
2058 
2059 
2060 
2061 
2062 
2063 
2064 
2065 
2066 
2067 
2068 
2069 
2070 
2071 
2072 
2073 
2074 
2075 
2076 
2077 
2078 
2079 
2080 
2081 
2082 
2083 291 36 430 428 
2084 294 32 427 430 
2085 293 31 427 434 
2086 293 31 427 432 
2087 296 25 419 443 
2088 293 20 440 450 
2089 288 25 494 448 
2090 287 21 456 449 
2091 288 22 445 447 
2092 290 19 418 452 
2093 288 18 404 452 
2094 287 15 400 455 
2095 287 14 407 457 
2096 287 13 405 461 
2097 289 14 419 458 
2098 288 13 420 459 
2099 289 15 423 455 
2100 289 18 412 449 
2101 293 20 408 449 
2102 292 20 400 447 
2103 291 18 400 452 
2104 292 17 401 455 
2105 291 16 399 453 
2106 293 17 397 451 
2107 294 16 395 453 
2108 291 18 403 450 
2109 297 16 394 451 
2110 297 16 393 449 
2111 298 13 393 453 
2112 291 12 398 453 
2113 299 15 395 452 
2114 301 16 395 451 
2115 301 15 398 450 
2116 297 19 400 442 
2117 298 22 408 438 
2118 299 19 407 445 
2119 294 19 416 444 
2120 300 21 411 439 
2121 299 20 407 439 
2122 303 17 392 444 
2123 301 16 394 451 
2124 298 18 391 448 
2125 300 20 398 443 
2126 292 20 407 442 
2127 292 20 390 445 
2128 294 23 381 442 
2129 292 25 368 435 
2130 289 24 379 439 
2131 284 25 379 442 
2132 281 27 378 441 
2133 262 27 374 432 
2134 265 24 364 441 
2135 264 30 362 433 
2136 265 32 353 427 
2137 266 34 350 427 
2138 263 29 347 436 
2139 245 29 355 437 
2140 233 32 365 434 
2141 226 31 360 437 
2142 226 35 352 436 
2143 202 32 362 442 
2144 197 32 364 440 
2145 194 31 367 442 
2146 191 31 363 440 
2147 172 32 381 440 
2148 171 37 375 438 
2149 164 33 379 439 
2150 169 29 377 445 
2151 166 28 381 446 
2152 168 29 384 441 
2153 168 29 387 441 
2154 170 32 390 437 
2155 172 33 391 436 
2156 172 34 385 438 
2157 175 36 385 436 
2158 180 31 383 446 
2159 182 32 388 443 
2160 182 32 391 439 
2161 184 34 394 438 
2162 204 35 396 434 
2163 207 35 393 433 
2164 207 34 395 433 
2165 209 36 397 433 
2166 214 36 391 432 
2167 219 35 388 434 
2168 217 34 394 433 
2169 212 32 409 437 
2170 211 36 407 431 
2171 209 37 416 430 
2172 214 35 411 432 
2173 223 37 406 430 
2174 229 37 410 428 
2175 227 36 423 429 
2176 231 33 426 434 
2177 231 32 433 437 
2178 230 31 435 439 
2179 268 27 405 455 
2180 276 28 399 454 
2181 280 27 399 454 
2182 284 25 400 454 
2183 284 24 408 449 
2184 282 26 411 449 
2185 281 25 409 447 
2186 278 27 409 447 
2187 273 29 409 444 
2188 271 31 408 444 
2189 270 33 404 441 
2190 268 38 406 435 
2191 266 39 406 436 
2192 265 39 408 435 
2193 240 41 412 432 
2194 238 41 416 433 
2195 235 43 419 428 
2196 226 40 425 436 
2197 233 37 425 426 
2198 214 37 440 424 
2199 199 37 452 423 
2200 202 38 445 421 
2201 193 40 457 422 
2202 186 43 468 415 
2203 178 45 485 418 
2204 180 45 486 417 
2205 178 43 484 422 
2206 186 44 475 413 
2207 190 47 468 412 
2208 196 46 460 411 
2209 196 42 460 417 
2210 190 39 464 419 
2211 198 38 469 421 
2212 193 36 473 428 
2213 192 37 480 426 
2214 185 41 489 423 
2215 186 41 489 420 
2216 199 41 469 419 
2217 203 40 457 420 
2218 203 39 463 423 
2219 204 39 471 422 
2220 192 40 490 422 
2221 191 37 492 426 
2222 197 35 486 429 
2223 196 34 487 428 
2224 203 34 474 429 
2225 200 35 479 425 
2226 201 33 475 428 
2227 210 34 464 426 
2228 222 31 452 424 
2229 223 32 452 425 
2230 223 31 446 424 
2231 225 31 448 422 
2232 234 28 434 427 
2233 232 25 436 437 
2234 268 28 403 441 
2235 283 27 383 440 
2236 288 22 373 446 
2237 291 20 367 448 
2238 289 24 371 446 
2239 279 26 381 442 
2240 281 24 376 446 
2241 254 21 386 447 
2242 254 24 384 441 
2243 243 23 389 443 
2244 235 28 393 436 
2245 226 25 396 438 
2246 222 24 390 443 
2247 222 30 383 434 
2248 217 33 386 427 
2249 216 35 383 428 
2250 178 35 406 423 
2251 168 32 413 426 
2252 176 32 397 431 
2253 170 32 405 440 
2254 167 30 406 447 
2255 159 30 414 448 
2256 149 28 416 451 
2257 144 28 419 451 
2258 142 26 422 442 
2259 146 27 417 439 
2260 143 22 431 446 
2261 151 17 433 452 
2262 156 13 435 460 
2263 161 9 432 462 
2264 156 14 447 450 
2265 206 5 403 469 
2266 218 6 394 464 
2267 224 10 391 452 
2268 236 12 384 456 
2269 222 12 411 454 
2270 217 9 424 463 
2271 213 16 426 452 
2272 216 23 430 442 
2273 223 31 442 431 
2274 228 32 432 427 
2275 266 30 430 428 
2276 286 27 416 431 
2277 304 23 404 435 
2278 305 21 407 432 
2279 310 18 403 438 
2280 316 14 394 444 
2281 319 11 394 449 
2282 333 4 409 468 
2283 340 7 396 462 
2284 343 8 396 458 
2285 354 7 392 457 
2286 359 5 386 460 
2287 362 7 384 455 
2288 366 5 390 462 
2289 367 6 384 459 
2290 366 6 384 458 
2291 364 6 393 459 
2292 363 7 391 457 
2293 355 8 401 452 
2294 351 6 408 455 
2295 351 8 409 455 
2296 354 6 404 459 
2297 350 6 408 459 
2298 351 4 402 465 
2299 348 12 405 454 
2300 347 16 411 452 
2301 351 11 401 460 
2302 348 13 391 456 
2303 347 11 388 459 
2304 343 13 388 458 
2305 314 13 402 456 
2306 317 12 393 460 
2307 318 9 382 465 
2308 311 9 386 464 
2309 302 10 382 462 
2310 298 12 376 460 
2311 288 18 383 448 
2312 282 22 380 442 
2313 255 24 390 441 
2314 257 19 383 449 
2315 255 17 372 455 
2316 246 18 383 450 
2317 234 18 382 451 
2318 219 22 400 448 
2319 214 25 396 449 
2320 206 26 411 444 
2321 204 34 406 434 
2322 202 34 409 433 
2323 157 39 440 424 
2324 159 38 436 425 
2325 165 37 428 426 
2326 161 37 433 427 
2327 168 37 426 428 
2328 170 36 421 430 
2329 175 37 413 429 
2330 198 41 417 420 
2331 204 41 406 422 
2332 209 43 398 417 
2333 211 45 402 418 
2334 212 47 398 415 
2335 205 48 412 416 
2336 198 49 428 417 
2337 196 53 431 414 
2338 185 58 456 408 
2339 175 57 472 412 
2340 171 61 483 406 
2341 173 66 488 397 
2342 163 61 503 405 
2343 170 57 495 410 
2344 170 52 497 417 
2345 191 53 474 413 
2346 203 57 458 408 
2347 197 56 462 411 
2348 198 60 460 404 
2349 209 62 436 402 
2350 217 62 418 403 
2351 215 62 413 400 
2352 213 59 408 403 
2353 213 55 412 409 
2354 209 56 425 405 
2355 
2356 
2357 
2358 
2359 
2360 
2361 
2362 
2363 
2364 
2365 
2366 
2367 
2368 
2369 
2370 
2371 
2372 
2373 
2374 
2375 
2376 
2377 
2378 
2379 
2380 
2381 
2382 
2383 
2384 
2385 
2386 
2387 
2388 
2389 
2390 
2391 
2392 
2393 
2394 
2395 
2396 
2397 
2398 
2399 
2400 
2401 
2402 
2403 
2404 
2405 
2406 
2407 
2408 
2409 
2410 
2411 
2412 
2413 
2414 
2415 
2416 
2417 
2418 
2419 
2420 
2421 
2422 
2423 
2424 
2425 
2426 
2427 
2428 
2429 
2430 
2431 
2432 
2433 
2434 
2435 
2436 
2437 
2438 
2439 
2440 
2441 
2442 
2443 
2444 
2445 
2446 
2447 
2448 
2449 
2450 
2451 
2452 
2453 
2454 
2455 
2456 
2457 
2458 
2459 
2460 
2461 
2462 
2463 
2464 
2465 
2466 
2467 
2468 
2469 
2470 
2471 
2472 
2473 
2474 
2475 
2476 
2477 
2478 
2479 
2480 
2481 
2482 
2483 
2484 
2485 
2486 
2487 
2488 
2489 
2490 
2491 
2492 
2493 
2494 
2495 
2496 
2497 
2498 
2499 
2500 
2501 
2502 
2503 
2504 
2505 
2506 
2507 
2508 
2509 
2510 
2511 
2512 
2513 
2514 
2515 
2516 
2517 
2518 
2519 
2520 
2521 
2522 
2523 
2524 
2525 
2526 
2527 
2528 
2529 
2530 
2531 
2532 
2533 
2534 
2535 
2536 
2537 
2538 
2539 
2540 
2541 
2542 
2543 
2544 
2545 
2546 
2547 
2548 
2549 
2550 
2551 
2552 
2553 
2554 
2555 
2556 
2557 
2558 
2559 
2560 
2561 
2562 
2563 
2564 
2565 
2566 
2567 
2568 
2569 
2570 
2571 
2572 
2573 
2574 
2575 
2576 
2577 
2578 
2579 
2580 
2581 
2582 
2583 
2584 
2585 
2586 
2587 
2588 
2589 
2590 
2591 
2592 
2593 
2594 
2595 
2596 
2597 
2598 
2599 
2600 
2601 
2602 
2603 
2604 
2605 
2606 
2607 
2608 
2609 
2610 
2611 
2612 
2613 
2614 
2615 
2616 
2617 
2618 
2619 
2620 
2621 
2622 
2623 
2624 
2625 
2626 
2627 
2628 
2629 
2630 
2631 
2632 
2633 
2634 
2635 
2636 
2637 
2638 
2639 
2640 
2641 
2642 
2643 
2644 
2645 
2646 
2647 
2648 
2649 
2650 
2651 
2652 
2653 
2654 
2655 
2656 
2657 
2658 
2659 
2660 
2661 
2662 
2663 
2664 
2665 
2666 
2667 
2668 
2669 
2670 
2671 
2672 
2673 
2674 
2675 
2676 
2677 
2678 
2679 
2680 
2681 
2682 
2683 
2684 
2685 
2686 
2687 
2688 
2689 
2690 
2691 
2692 
2693 
2694 
2695 
2696 
2697 
2698 
2699 
2700 
2701 
2702 
2703 
2704 
2705 
2706 
2707 
2708 
2709 
2710 
2711 
2712 
2713 
2714 
2715 
2716 
2717 
2718 
2719 
2720 
2721 
2722 
2723 
2724 
2725 
2726 
2727 
2728 
2729 
2730 
2731 
2732 
2733 
2734 
2735 
2736 
2737 
2738 
2739 
2740 
2741 
2742 
2743 
2744 
2745 
2746 
2747 
2748 
2749 
2750 
2751 
2752 
2753 
2754 
2755 
2756 
2757 
2758 
2759 
2760 
2761 
2762 
2763 
2764 
2765 
2766 
2767 
2768 
2769 
2770 
2771 
2772 
2773 
2774 
2775 
2776 
2777 
2778 
2779 
2780 
2781 
2782 
2783 
2784 
2785 
2786 
2787 
2788 
2789 
2790 
2791 
2792 
2793 
2794 
2795 
2796 
2797 
2798 
2799 
2800 
2801 
2802 
2803 
2804 
2805 
2806 
2807 
2808 
2809 
2810 
2811 
2812 
2813 
2814 
2815 
2816 
2817 
2818 
2819 
2820 
2821 
2822 
2823 
2824 
2825 
2826 
2827 
2828 
2829 
2830 
2831 
2832 
2833 
2834 
2835 
2836 
2837 
2838 
2839 
2840 
2841 
2842 
2843 
2844 
2845 
2846 
2847 
2848 
2849 
2850 
2851 
2852 
2853 
2854 
2855 
2856 
2857 
2858 
2859 
2860 
2861 
2862 
2863 
2864 
2865 
2866 
2867 
2868 
2869 
2870 
2871 
2872 
2873 
2874 
2875 
2876 
2877 
2878 
2879 
2880 
2881 
2882 
2883 
2884 
2885 
2886 
2887 
2888 
2889 
2890 
2891 
2892 
2893 
2894 
2895 
2896 
2897 
2898 
2899 
2900 
2901 
2902 
2903 
2904 
2905 
2906 
2907 
2908 
2909 
2910 
2911 
2912 
2913 
2914 
2915 
2916 
2917 
2918 
2919 
2920 
2921 
2922 
2923 
2924 
2925 
2926 
2927 
2928 
2929 
2930 
2931 
2932 
2933 
2934 
2935 
2936 
2937 
2938 
2939 
2940 
2941 
2942 
2943 
2944 
2945 
2946 
2947 
2948 
2949 
2950 
2951 
2952 
2953 
2954 
2955 
2956 
2957 
2958 
2959 
2960 
2961 
2962 
2963 
2964 
2965 
2966 
2967 
2968 
2969 
2970 
2971 
2972 
2973 
2974 
2975 
2976 
2977 
2978 
2979 
2980 
2981 
2982 
2983 
2984 
2985 
2986 
2987 
2988 
2989 
2990 
2991 
2992 
2993 
2994 
2995 
2996 
2997 
2998 
2999 
3000 
3001 
3002 
3003 
3004 
3005 
3006 
3007 
3008 
3009 
3010 
3011 
3012 
3013 
3014 
3015 
3016 
3017 
3018 
3019 
3020 
3021 
3022 
3023 
3024 
3025 
3026 
3027 
3028 
3029 
3030 
3031 
3032 
3033 237 6 340 468 
3034 232 10 347 461 
3035 230 9 345 464 
3036 231 12 341 455 
3037 225 17 352 447 
3038 217 15 338 448 
3039 212 15 346 448 
3040 211 12 346 451 
3041 210 18 348 448 
3042 212 18 380 456 
3043 206 7 357 467 
3044 198 14 374 454 
3045 213 24 380 444 
3046 198 21 372 445 
3047 202 22 363 448 
3048 201 27 366 441 
3049 202 30 362 434 
3050 200 35 366 429 
3051 198 39 363 425 
3052 193 41 371 422 
3053 187 45 376 419 
3054 185 48 377 415 
3055 178 44 382 419 
3056 171 46 379 420 
3057 165 40 384 428 
3058 161 37 381 430 
3059 153 35 386 435 
3060 151 33 385 432 
3061 147 34 384 432 
3062 146 35 389 428 
3063 149 41 385 427 
3064 149 40 384 425 
3065 140 43 405 420 
3066 147 40 393 422 
3067 145 44 402 416 
3068 155 43 385 421 
3069 161 46 373 421 
3070 162 49 370 416 
3071 166 49 370 419 
3072 166 56 370 411 
3073 168 57 366 413 
3074 171 61 368 407 
3075 178 66 364 397 
3076 177 64 378 401 
3077 176 61 384 406 
3078 191 58 371 406 
3079 200 58 366 406 
3080 221 55 368 412 
3081 223 51 370 413 
3082 226 45 378 422 
3083 240 41 366 426 
3084 239 40 369 428 
3085 245 35 370 435 
3086 253 34 365 433 
3087 249 33 372 434 
3088 257 33 368 436 
3089 262 39 365 429 
3090 267 39 356 427 
3091 262 42 363 426 
3092 265 45 356 423 
3093 265 45 358 425 
3094 260 47 365 420 
3095 259 50 367 412 
3096 262 49 362 413 
3097 255 50 366 416 
3098 255 48 360 420 
3099 252 52 359 415 
3100 250 55 359 411 
3101 248 55 359 410 
3102 248 53 361 410 
3103 243 51 366 413 
3104 239 47 372 417 
3105 230 47 374 416 
3106 231 44 366 417 
3107 228 40 366 417 
3108 213 41 381 419 
3109 186 43 388 410 
3110 175 37 401 418 
3111 162 35 411 422 
3112 160 37 418 424 
3113 151 38 430 425 
3114 155 40 417 421 
3115 148 41 429 417 
3116 147 39 434 422 
3117 148 37 433 425 
3118 144 40 440 423 
3119 141 41 440 423 
3120 138 41 436 423 
3121 136 40 438 425 
3122 137 44 440 421 
3123 147 48 435 416 
3124 154 50 426 415 
3125 158 53 425 413 
3126 156 50 428 417 
3127 156 49 430 417 
3128 155 48 433 415 
3129 156 48 434 417 
3130 155 49 437 413 
3131 152 47 444 414 
3132 151 48 444 414 
3133 147 47 451 411 
3134 155 47 441 413 
3135 212 42 397 420 
3136 214 44 396 418 
3137 213 45 397 416 
3138 211 48 402 412 
3139 209 47 405 415 
3140 144 49 452 406 
3141 210 46 409 415 
3142 214 47 403 417 
3143 217 46 399 417 
3144 216 44 402 418 
3145 219 42 396 422 
3146 215 41 402 422 
3147 214 39 405 423 
3148 216 38 401 424 
3149 217 35 399 425 
3150 217 38 400 422 
3151 215 36 404 424 
3152 216 37 401 423 
3153 213 36 407 424 
3154 213 36 405 424 
3155 215 36 403 425 
3156 224 32 394 426 
3157 232 32 393 428 
3158 231 35 395 428 
3159 230 34 401 435 
3160 231 33 406 438 
3161 229 28 412 440 
3162 229 29 419 439 
3163 238 35 410 428 
3164 247 32 400 433 
3165 274 33 386 432 
3166 275 31 390 439 
3167 274 37 394 431 
3168 274 31 398 439 
3169 279 35 398 433 
3170 282 35 401 435 
3171 286 34 401 435 
3172 286 36 414 431 
3173 290 35 416 431 
3174 289 35 428 431 
3175 292 34 424 435 
3176 291 31 432 437 
3177 289 28 435 440 
3178 289 26 430 443 
3179 287 24 432 444 
3180 281 24 439 444 
3181 278 25 428 444 
3182 277 24 431 446 
3183 268 23 425 450 
3184 260 25 433 447 
3185 250 22 451 454 
3186 245 25 451 446 
3187 227 29 439 442 
3188 222 32 441 435 
3189 215 33 451 436 
3190 214 31 455 434 
3191 212 29 444 438 
3192 204 26 442 443 
3193 203 28 426 440 
3194 194 25 429 446 
3195 185 27 438 439 
3196 186 25 434 441 
3197 153 25 456 439 
3198 155 18 450 445 
3199 150 15 455 448 
3200 146 16 456 449 
3201 145 16 455 451 
3202 150 13 448 453 
3203 144 15 452 456 
3204 145 11 450 460 
3205 149 9 449 461 
3206 150 6 452 463 
3207 148 6 453 461 
3208 147 8 457 456 
3209 145 2 461 464 
3210 146 3 461 459 
3211 151 5 456 457 
3212 164 7 437 454 
3213 197 11 409 454 
3214 204 7 396 460 
3215 208 6 390 462 
3216 213 8 386 463 
3217 218 7 383 466 
3218 223 9 381 461 
3219 229 5 411 467 
3220 232 5 410 465 
3221 231 8 417 462 
3222 231 13 421 452 
3223 237 13 400 459 
3224 241 15 376 458 
3225 243 13 355 462 
3226 241 18 392 448 
3227 242 16 390 452 
3228 244 15 384 453 
3229 246 14 386 456 
3230 245 15 372 454 
3231 247 15 361 456 
3232 244 19 387 451 
3233 245 13 360 457 
3234 245 13 321 457 
3235 242 16 329 452 
3236 245 17 322 454 
3237 238 22 351 447 
3238 235 24 355 448 
3239 228 27 374 441 
3240 227 27 376 438 
3241 223 28 414 436 
3242 219 29 443 432 
3243 217 30 435 433 
3244 219 31 440 428 
3245 221 31 440 429 
3246 221 30 441 432 
3247 224 30 442 433 
3248 227 34 430 429 
3249 227 37 428 428 
3250 227 38 430 427 
3251 226 39 426 428 
3252 225 38 432 427 
3253 222 39 431 427 
3254 219 39 435 426 
3255 217 36 431 433 
3256 218 41 432 429 
3257 218 41 425 431 
3258 218 43 416 431 
3259 215 42 410 430 
3260 212 37 406 436 
3261 207 35 407 439 
3262 204 34 404 438 
3263 202 36 405 433 
3264 204 35 399 434 
3265 203 37 398 433 
3266 176 39 417 428 
3267 177 36 413 432 
3268 180 36 409 433 
3269 178 34 413 436 
3270 211 33 384 440 
3271 212 35 384 441 
3272 218 37 381 439 
3273 222 35 382 445 
3274 228 41 384 439 
3275 230 44 389 436 
3276 240 47 389 430 
3277 249 53 387 423 
3278 247 56 400 419 
3279 279 61 382 410 
3280 284 62 378 406 
3281 295 62 370 405 
3282 302 59 371 413 
3283 305 61 371 410 
3284 310 64 375 406 
3285 324 65 368 405 
3286 323 78 379 399 
3287 323 84 385 391 
3288 321 85 391 391 
3289 350 85 376 389 
3290 357 82 368 394 
